Version 0.9.7
6
 4 10 175 77 128 0 1
 5 365 615 206 81 2 2
 0 110 110 877 276 8 3
 3 171 37 203 58 140 4
 1 138 439 206 81 149 5
 2 418 499 206 81 159 6
 0
52
 16711680 5 71 189 71 189 71 124 71 124 163 124 163 124 0 1 0 3
 16711680 5 182 74 182 74 176 74 176 74 176 137 176 137 0 4 0 3
 16711680 5 71 249 71 249 98 249 98 137 163 137 163 137 0 1 0 3
 16711680 5 71 288 71 288 71 288 71 371 163 371 163 371 0 1 0 3
 16711680 5 71 228 71 228 103 228 103 358 163 358 163 358 0 1 0 3
 16711680 5 215 176 215 176 215 105 357 105 357 81 357 81 0 3 0 4
 16711680 5 228 176 228 176 228 111 337 111 337 81 337 81 0 3 0 4
 16711680 5 241 176 241 176 241 120 317 120 317 81 317 81 0 3 0 4
 16711680 5 254 176 254 176 254 157 297 157 297 81 297 81 0 3 0 4
 16711680 5 280 319 280 319 280 319 280 371 280 371 280 371 0 3 0 3
 16711680 5 189 176 189 176 189 176 189 124 189 124 189 124 0 3 0 3
 16711680 5 153 450 153 450 166 450 166 358 176 358 176 358 0 5 0 3
 16711680 5 176 371 176 371 175 371 175 508 153 508 153 508 0 3 0 5
 16711680 5 433 510 433 510 433 358 433 358 410 358 410 358 0 6 0 3
 16711680 5 433 568 433 568 442 568 410 568 410 371 410 371 0 6 0 3
 16711680 5 202 176 202 176 202 36 257 36 257 81 257 81 0 3 0 4
 32768 5 345 215 345 215 345 228 241 228 241 215 241 215 0 3 0 3
 32768 5 228 215 228 215 228 247 345 247 345 280 345 280 0 3 0 3
 32768 5 215 215 215 215 215 254 371 254 371 280 371 280 0 3 0 3
 8454016 5 397 319 397 338 398 338 397 358 397 358 397 358 0 3 0 3
 16711680 5 319 176 319 176 319 176 319 124 319 124 319 124 0 3 0 3
 16711680 5 397 371 397 371 397 366 405 366 405 319 410 319 0 3 0 3
 16711680 5 449 176 449 176 449 176 449 124 449 124 449 124 0 3 0 3
 16711680 5 631 319 631 319 631 319 631 371 631 371 631 371 0 3 0 3
 16711680 5 527 319 527 319 527 319 527 371 527 371 527 371 0 3 0 3
 8454016 5 327 450 327 450 327 451 553 451 553 280 553 280 0 5 0 3
 8454016 5 566 280 566 280 566 299 384 299 384 280 384 280 0 3 0 3
 8454016 5 308 450 308 450 308 479 579 479 579 280 579 280 0 5 0 3
 8454016 5 592 280 592 280 592 285 332 285 332 280 332 280 0 3 0 3
 8454016 5 332 215 332 215 332 207 579 207 579 215 579 215 0 3 0 3
 8454016 5 566 215 566 215 539 215 539 492 289 492 289 463 0 3 0 5
 33023 5 267 202 267 202 267 202 267 202 267 280 267 280 0 3 0 3
 255 5 474 510 474 510 474 429 202 429 202 319 202 319 0 6 0 3
 16711680 5 215 319 215 319 215 319 215 371 215 371 215 371 0 3 0 3
 16711680 5 228 371 228 371 228 371 228 319 228 319 228 319 0 3 0 3
 16711680 5 241 319 241 319 241 319 241 371 241 371 241 371 0 3 0 3
 16711680 5 254 371 254 371 254 371 254 319 254 319 254 319 0 3 0 3
 32768 5 371 137 371 137 371 137 371 176 371 176 371 176 0 3 0 3
 8454016 5 384 124 384 124 384 124 384 176 384 176 384 176 0 3 0 3
 33023 5 358 189 358 189 358 187 592 187 592 189 592 189 0 3 0 3
 33023 5 462 202 462 202 462 201 605 201 605 202 605 202 0 3 0 3
 33023 5 605 319 605 319 605 331 319 331 319 319 319 319 0 3 0 3
 33023 5 618 306 618 306 618 306 618 306 462 306 462 306 0 3 0 3
 33023 5 358 306 358 306 358 253 625 253 625 215 618 215 0 3 0 3
 33023 5 631 215 631 215 631 268 449 268 449 280 449 280 0 3 0 3
 8421631 5 189 280 189 268 392 268 392 215 397 215 397 215 0 3 0 3
 0 5 553 176 553 176 553 176 553 124 553 124 553 124 0 3 0 3
 0 5 475 215 475 215 471 215 471 280 475 280 475 280 0 3 0 3
 0 5 475 293 475 293 475 293 475 293 488 293 488 293 0 3 0 3
 0 5 488 280 488 280 488 281 501 281 501 280 501 280 0 3 0 3
 0 5 514 280 514 280 514 313 267 313 267 293 267 293 0 3 0 3
 0 5 493 510 493 510 493 426 300 426 300 215 280 215 0 6 0 3
4
 7169 1 16 183 228 5 0 2089003132 8583584 3
 7283 1 16 313 228 5 0 2089003132 8583584 3
 7004 1 14 547 228 5 0 2089003132 8583584 3
 7010 1 14 443 228 5 0 2089003132 8583584 3
