Version 0.9.7
7
 4 1 236 77 128 0 1
 5 80 400 206 81 2 2
 0 110 106 877 276 8 3
 2 537 458 206 81 140 4
 3 805 476 203 58 150 5
 1 168 461 206 81 159 6
 3 204 35 203 58 169 7
 0
40
 16711680 5 62 250 62 250 94 250 94 133 163 133 163 133 0 1 0 3
 16711680 5 332 315 332 315 332 315 332 354 332 354 332 354 0 3 0 3
 16711680 5 462 315 462 315 462 315 462 354 462 354 462 354 0 3 0 3
 16711680 5 592 315 592 315 592 315 592 354 592 354 592 354 0 3 0 3
 16711680 5 722 315 722 315 722 315 722 354 722 354 722 354 0 3 0 3
 16711680 5 644 172 644 172 644 172 644 133 644 133 644 133 0 3 0 3
 16711680 5 514 172 514 172 514 172 514 133 514 133 514 133 0 3 0 3
 16711680 5 384 172 384 172 384 172 384 133 384 133 384 133 0 3 0 3
 16711680 5 254 133 254 133 254 133 254 172 254 172 254 172 0 3 0 3
 16711680 5 566 211 566 211 566 211 566 211 553 211 553 211 0 3 0 3
 16711680 5 566 198 566 198 566 196 579 196 579 198 579 198 0 3 0 3
 16711680 5 592 172 592 172 592 114 1011 114 1011 520 991 520 0 3 0 5
 16711680 5 696 276 696 276 696 244 531 244 531 185 527 185 0 3 0 3
 16711680 5 709 185 709 185 709 184 540 184 540 185 540 185 0 3 0 3
 16711680 5 657 276 657 276 657 276 657 276 579 276 579 276 0 3 0 3
 16711680 5 696 289 696 289 696 541 423 541 423 289 423 289 0 3 0 3
 65280 5 722 198 722 233 478 233 478 276 436 276 436 276 0 3 0 3
 65280 5 449 289 449 289 449 295 566 295 566 289 566 289 0 3 0 3
 65280 5 540 315 540 315 540 315 540 315 553 315 553 315 0 3 0 3
 65280 5 709 211 620 211 620 270 527 270 527 276 527 276 0 3 0 3
 65280 5 306 289 306 289 306 282 514 282 514 289 514 289 0 3 0 3
 65280 5 410 302 410 302 410 302 410 302 319 302 319 302 0 3 0 3
 255 5 306 315 306 315 306 428 224 428 224 472 224 472 0 3 0 6
 65535 5 683 211 683 210 734 210 734 469 688 469 688 469 0 3 0 4
 65535 5 670 315 670 315 670 315 670 482 688 482 688 482 0 3 0 4
 33023 5 670 198 670 198 670 246 319 246 319 276 319 276 0 3 0 3
 33023 5 228 133 228 133 250 133 250 133 250 79 250 79 0 3 0 7
 16711680 5 62 310 62 310 143 310 143 354 163 354 163 354 0 1 0 3
 16711680 5 62 323 62 323 107 323 107 120 163 120 163 120 0 1 0 3
 16711680 5 215 120 215 120 215 120 215 72 215 72 215 72 0 3 0 7
 16711680 5 176 367 176 367 183 367 183 367 183 472 183 472 0 3 0 6
 16711680 5 189 354 189 354 189 530 189 530 183 530 183 530 0 3 0 6
 16711680 5 514 367 514 367 515 367 515 469 552 469 552 469 0 3 0 4
 16711680 5 501 354 501 354 496 354 496 527 552 527 552 527 0 3 0 4
 255 5 816 513 816 513 816 354 816 354 800 354 800 354 0 5 0 3
 16711680 5 176 133 176 133 116 133 116 367 163 367 163 367 0 3 0 3
 16711680 5 696 315 696 315 893 315 893 520 891 520 891 520 0 3 0 5
 16711680 5 709 198 709 198 914 198 914 520 911 520 911 520 0 3 0 5
 16711680 5 657 315 657 315 657 261 370 261 370 79 370 79 0 3 0 7
 16711680 5 670 211 670 211 670 219 390 219 390 79 390 79 0 3 0 7
4
 7004 1 14 248 224 5 0 -238771003 2750880 3
 7010 1 14 378 224 5 0 -238771003 2750880 3
 7074 1 14 638 224 5 0 -238771003 2750880 3
 7000 1 14 508 224 5 0 -238771003 2750880 3
