Version 0.9.7
7
 4 10 175 77 128 0 1
 5 383 686 206 81 2 2
 0 110 110 877 276 8 3
 3 312 51 203 58 140 4
 2 177 407 206 81 149 5
 1 611 406 206 81 172 7
 1 397 406 206 81 186 8
 0
51
 16711680 5 163 124 163 124 71 124 71 124 71 189 71 189 0 3 0 1
 16711680 5 71 228 71 228 83 228 83 358 163 358 163 358 0 1 0 3
 16711680 5 71 288 71 288 71 371 71 371 163 371 163 371 0 1 0 3
 16711680 5 71 249 71 249 98 249 98 137 163 137 163 137 0 1 0 3
 16711680 5 254 319 254 319 254 319 254 371 254 371 254 371 0 3 0 3
 16711680 5 345 319 345 319 345 319 345 371 345 371 345 371 0 3 0 3
 16711680 5 267 176 267 176 267 176 267 137 267 137 267 137 0 3 0 3
 16711680 5 254 176 254 176 254 176 254 124 254 124 254 124 0 3 0 3
 16711680 5 449 371 449 371 449 371 449 319 449 319 449 319 0 3 0 3
 16711680 5 605 319 605 319 605 319 605 371 605 371 605 371 0 3 0 3
 16711680 5 709 371 709 371 709 371 709 319 709 319 709 319 0 3 0 3
 16711680 5 631 176 631 176 631 176 631 124 631 124 631 124 0 3 0 3
 16711680 5 514 176 514 176 514 176 514 124 514 124 514 124 0 3 0 3
 16711680 5 371 124 371 124 371 124 371 176 371 176 371 176 0 3 0 3
 16711680 5 527 176 527 176 527 176 527 137 527 137 527 137 0 3 0 3
 16711680 5 514 319 514 319 514 319 514 371 514 371 514 371 0 3 0 3
 16711680 5 323 88 323 88 345 88 345 88 345 137 345 137 0 4 0 3
 16711680 5 592 371 592 371 592 475 592 475 626 475 626 475 0 3 0 7
 16711680 5 592 358 592 358 592 417 592 417 626 417 626 417 0 3 0 7
 16744703 5 332 280 332 280 332 280 384 280 384 280 384 280 0 3 0 3
 16744703 5 592 280 592 280 592 280 592 280 644 280 644 280 0 3 0 3
 16744703 5 345 176 345 176 345 176 397 176 397 176 397 176 0 3 0 3
 16711808 5 319 280 325 280 325 395 686 395 686 417 686 417 0 3 0 7
 16711808 5 579 280 579 280 579 395 705 395 705 417 705 417 0 3 0 7
 16711808 5 332 215 325 215 325 395 667 395 667 417 667 417 0 3 0 7
 255 5 527 319 527 319 527 389 743 389 743 417 743 417 0 3 0 7
 255 5 267 319 267 319 267 389 743 389 743 430 743 430 0 3 0 7
 4210816 5 397 319 397 319 382 319 382 418 366 418 366 418 0 3 0 5
 4210816 5 657 319 657 319 657 327 382 327 382 431 366 431 0 3 0 5
 4210816 5 366 444 366 444 361 444 361 237 410 237 410 215 0 5 0 3
 65535 5 423 280 423 280 423 254 478 254 478 95 478 95 0 3 0 4
 65535 5 683 280 683 280 683 257 458 257 458 95 458 95 0 3 0 4
 65535 5 498 95 498 95 498 107 436 107 436 176 436 176 0 4 0 3
 16711680 5 293 215 293 215 293 237 436 237 436 215 436 215 0 3 0 3
 16711680 5 280 280 280 280 280 270 418 270 418 293 423 293 0 3 0 3
 16711680 5 683 293 678 293 678 268 540 268 540 280 540 280 0 3 0 3
 16711680 5 176 358 176 358 176 358 176 418 192 418 192 418 0 3 0 5
 16711680 5 176 371 176 371 176 476 176 476 192 476 192 476 0 3 0 5
 255 5 762 417 762 417 762 389 501 389 501 215 540 215 0 7 0 3
 255 5 762 430 762 389 236 389 236 215 280 215 280 215 0 7 0 3
 65408 5 724 417 724 417 724 389 312 389 312 215 306 215 0 7 0 3
 65408 5 410 371 410 371 410 475 410 475 412 475 412 475 0 3 0 8
 65408 5 410 358 410 358 410 417 410 417 412 417 412 417 0 3 0 8
 65408 5 644 293 644 293 644 28 358 28 358 95 358 95 0 3 0 4
 65408 5 384 293 384 293 384 95 384 95 378 95 378 95 0 3 0 4
 65408 5 397 189 397 189 397 95 397 95 398 95 398 95 0 3 0 4
 65408 5 423 306 423 306 423 316 553 316 553 306 553 306 0 3 0 3
 65408 5 306 319 306 319 306 334 683 334 683 319 683 319 0 3 0 3
 65408 5 319 215 319 215 319 249 413 249 413 319 423 319 0 3 0 3
 65408 5 293 280 293 280 293 259 432 259 432 202 436 202 0 3 0 3
 65408 5 436 189 436 189 436 249 566 249 566 280 566 280 0 3 0 3
4
 7153 1 16 248 228 5 0 1036188218 8583584 3
 7153 1 16 508 228 5 0 1036188218 8583584 3
 7074 1 14 365 228 5 0 1036188218 8583584 3
 7074 1 14 625 228 5 0 1036188218 8583584 3
